18 20 1 23 4 24 0 18 1 21 26 [11]
10 0 3 23 11 4 24 0 1 29 6 [11]
18 20 3 23 11 4 11 2 1 21 7 [11]
5 1 3 11 4 24 10 0 28 29 6 [11]
27 0 3 3 2 18 11 23 28 18 26 [11]
5 20 28 11 11 24 11 2 23 21 26 [11]
27 0 3 3 0 24 10 28 17 18 26 [11]
27 0 3 11 4 29 11 2 23 29 25 [11]
5 27 0 3 4 24 0 2 3 29 6 [11]
5 2 3 3 4 24 4 10 1 21 26 [11]
5 20 28 11 4 11 2 28 21 26 [10]
27 0 3 24 10 11 5 2 4 11 8 [11]
27 0 1 3 24 0 24 11 2 28 29 6 [12]
5 18 1 3 11 18 27 0 28 21 26 [11]
18 20 3 3 11 24 11 4 10 18 25 26 [12]
27 0 28 3 24 0 24 2 23 5 14 15 [12]
10 18 3 3 4 18 20 5 1 21 26 [11]
5 2 3 11 11 4 2 1 29 6 16 [11]
27 0 28 3 4 18 11 2 1 21 8 [11]
10 0 1 11 3 21 5 2 28 21 26 [11]
5 27 28 3 3 24 11 2 24 10 25 15 [12]
18 20 28 24 0 24 10 0 28 29 6 [11]
18 5 1 3 4 4 10 0 3 29 6 [11]
27 10 0 29 0 24 18 1 21 8 [10]
5 1 3 3 11 18 20 28 1 29 12 [11]
18 20 3 24 0 24 20 2 28 21 26 [11]
27 10 0 3 18 11 27 10 0 29 12 [11]
10 0 3 3 4 11 5 2 0 21 26 [11]
18 20 3 3 10 11 5 27 28 21 8 [11]
18 20 3 24 0 29 0 18 1 18 7 [11]
27 0 3 3 11 27 10 0 3 21 26 [11]
5 2 3 24 4 24 11 2 28 21 26 16 [12]
10 28 3 3 11 5 5 18 1 29 25 [11]
10 0 28 24 0 11 5 2 28 29 6 16 [12]
10 0 1 3 11 18 5 2 1 21 8 [11]
10 10 0 3 11 27 11 5 1 29 25 16 [12]
27 20 1 3 11 4 11 2 28 21 26 [11]
18 20 28 3 11 18 24 18 1 17 9 [11]
27 0 20 23 4 24 10 0 1 29 14 15 [12]
18 1 3 11 4 24 11 18 1 18 26 [11]
5 20 1 18 4 24 20 18 1 29 25 [11]
10 10 0 3 4 11 5 2 23 27 25 [11]
27 10 14 23 4 24 10 0 1 21 26 [11]
2 18 3 3 4 24 24 0 28 4 21 26 [12]
10 0 1 24 3 11 11 2 28 21 25 8 [12]
27 0 1 11 4 11 2 1 29 10 12 [11]
5 20 1 23 5 4 24 2 1 21 26 8 [12]
10 0 1 3 18 27 11 10 14 21 25 [11]
20 20 1 3 11 24 18 20 1 24 29 6 [12]
10 10 28 3 3 24 10 18 1 29 6 [11]
27 10 0 3 10 24 10 10 28 21 26 16 [12]
27 0 3 24 0 24 20 2 1 21 26 [11]
27 10 28 3 24 0 11 5 2 1 29 25 [12]
10 0 20 3 11 2 11 2 1 21 26 [11]
5 20 28 3 4 24 10 0 3 21 26 [11]
5 20 28 3 4 18 20 2 1 29 25 [11]
10 20 3 24 0 24 20 24 28 21 7 [11]
18 20 3 3 24 10 10 20 1 29 6 [11]
27 0 28 11 4 5 5 5 1 18 7 [11]
18 20 28 24 0 24 11 15 3 21 7 [11]
18 1 3 3 4 21 5 2 1 21 26 [11]
27 0 3 24 0 11 2 0 21 8 [10]
5 20 28 3 4 24 10 0 23 5 8 [11]
18 1 4 24 4 24 4 18 27 6 13 [11]
18 2 28 11 4 27 11 2 1 29 25 [11]
18 20 3 3 4 24 10 10 28 29 6 [11]
18 20 3 3 3 24 20 18 1 21 7 [11]
10 0 28 3 4 11 27 10 18 5 26 [11]
20 18 1 23 27 0 11 2 3 21 26 16 [12]
27 0 3 24 4 24 10 18 1 21 26 [11]
5 2 3 3 4 4 11 2 3 29 6 [11]
5 2 28 3 18 24 25 18 20 10 12 [11]
27 0 28 3 3 18 5 18 1 21 8 [11]
18 2 3 3 24 0 11 25 27 0 20 26 [12]
20 4 24 3 4 24 10 4 28 29 6 [11]
5 20 28 3 11 18 11 2 1 21 26 [11]
27 0 3 3 24 0 24 18 1 21 26 8 [12]
10 0 3 24 4 24 10 0 4 29 6 [11]
10 0 28 18 20 18 11 4 4 21 26 [11]
10 18 1 3 11 27 10 14 3 21 26 [11]
10 0 3 11 4 24 10 0 28 24 12 [11]
5 25 3 3 11 24 5 2 28 29 6 [11]
5 2 3 3 4 11 5 2 28 29 6 [11]
5 20 3 3 4 24 10 10 28 21 26 [11]
5 27 0 3 4 11 2 24 11 1 8 [11]
10 0 3 24 10 11 5 2 1 29 25 [11]
10 0 3 3 4 10 10 10 0 29 6 [11]
27 0 1 3 4 11 27 10 0 29 6 [11]
27 0 1 3 24 0 24 23 2 24 6 15 [12]
0 3 28 11 4 11 4 2 28 5 26 [11]
27 10 28 23 4 24 10 0 28 21 26 [11]
27 10 3 3 10 10 10 0 1 29 25 [11]
10 10 3 3 4 24 24 28 3 11 25 8 [12]
5 20 3 24 10 24 0 18 1 21 8 [11]
10 20 28 3 4 24 24 0 1 24 18 26 [12]
27 10 3 3 24 10 11 2 18 21 26 [11]
5 2 3 3 11 4 18 20 1 29 12 16 [12]
5 20 1 23 11 4 10 0 3 24 25 [11]
18 20 3 3 4 10 18 20 4 28 21 25 [12]
27 0 1 3 3 0 29 0 5 27 6 16 [12]
5 20 28 3 24 18 20 2 1 29 6 16 [12]
5 2 3 3 3 24 0 20 27 0 12 [11]
27 0 3 3 11 18 20 2 28 21 25 16 [12]
0 20 3 3 4 18 20 4 4 26 16 [11]
20 20 3 11 4 24 11 2 1 21 7 [11]
27 20 1 3 4 24 10 0 28 18 1 8 [12]
11 2 28 24 4 21 5 2 3 21 26 [11]
27 20 3 3 4 11 27 0 10 10 6 [11]
27 0 28 24 10 24 5 2 1 21 26 [11]
27 0 28 3 24 0 5 2 3 21 25 16 [12]
18 20 1 24 11 24 0 20 1 21 26 [11]
10 0 3 24 4 24 10 18 1 29 6 [11]
27 0 1 3 4 24 11 5 1 29 12 [11]
4 4 3 24 0 29 0 28 18 25 16 [11]
2 18 3 3 4 21 11 2 1 21 7 [11]
27 0 28 3 18 27 10 10 1 21 26 [11]
10 0 1 11 4 24 20 18 20 1 25 [11]
10 0 10 3 24 0 24 2 11 27 6 16 [12]
2 28 3 11 4 24 11 2 10 10 12 [11]
27 10 0 3 27 0 24 2 24 0 20 26 [12]
10 0 28 3 4 24 11 1 24 18 7 [11]
10 0 28 24 10 24 11 2 28 21 26 [11]
18 20 3 3 4 24 4 2 1 29 6 [11]
27 0 28 24 10 10 11 5 20 20 25 [11]
27 0 1 3 11 11 2 27 0 21 26 16 [12]
27 0 11 18 27 10 11 2 28 29 6 [11]
5 20 20 3 3 10 10 0 20 21 8 16 [12]
18 20 1 23 4 18 20 2 28 21 26 [11]
27 0 3 23 11 18 11 2 1 21 26 16 [12]
10 0 28 3 29 0 20 2 28 21 20 7 [12]
20 20 20 28 24 10 18 20 1 29 6 [11]
21 1 3 3 4 24 10 4 18 5 8 [11]
5 20 3 3 11 5 2 0 21 26 [10]
5 20 1 3 24 18 20 2 1 21 26 [11]
27 0 28 3 24 0 24 28 28 21 26 8 [12]
10 4 3 24 10 24 11 2 24 25 [10]
10 0 28 24 0 11 5 2 1 21 7 [11]
18 20 3 3 24 0 18 20 3 18 26 16 [12]
27 0 0 3 3 24 10 0 28 29 6 [11]
5 5 2 11 4 24 10 20 1 29 6 [11]
5 5 1 3 29 0 11 2 3 20 1 8 [12]
10 0 3 3 4 21 5 2 1 29 6 [11]
18 20 28 3 4 24 10 20 28 21 7 [11]
10 0 3 3 3 24 24 4 1 24 25 [11]
27 0 1 23 5 24 11 2 1 29 12 [11]
5 2 3 11 4 4 20 5 1 29 6 [11]
24 0 3 3 0 11 5 20 20 29 6 [11]
18 20 28 3 4 24 10 0 1 21 1 8 [12]
5 20 0 3 3 4 24 0 1 21 8 16 [12]
10 28 3 24 4 18 11 18 1 2 26 [11]
5 20 3 4 4 24 0 3 3 21 8 [11]
10 0 3 11 4 24 0 20 0 21 26 [11]
10 25 3 3 11 18 27 18 1 29 6 [11]
20 0 3 3 11 18 18 20 1 29 6 [11]
5 2 28 3 3 4 29 0 28 18 18 26 [12]
27 10 28 3 3 11 5 2 10 0 25 [11]
10 0 3 3 4 11 5 2 28 29 6 [11]
5 20 28 23 4 11 11 2 28 29 6 [11]
18 20 3 3 10 18 5 2 1 29 25 16 [12]
18 20 3 3 4 24 28 27 28 5 26 [11]
10 0 28 24 4 24 24 4 28 29 6 [11]
27 0 20 3 11 4 21 2 1 18 29 6 [12]
27 10 0 3 20 24 11 2 1 21 7 [11]
10 10 28 3 3 24 20 27 28 10 12 [11]
10 0 3 24 2 29 11 2 1 21 26 [11]
10 0 28 3 24 11 11 2 1 5 26 [11]
18 2 28 3 3 24 20 2 28 21 26 [11]
5 20 20 11 2 18 20 28 29 25 [10]
5 1 3 3 11 10 0 23 27 25 15 [11]
10 0 3 24 4 24 11 2 1 29 7 [11]
10 0 3 3 3 29 10 2 3 29 25 16 [12]
18 20 3 3 4 24 11 2 1 29 25 [11]
27 18 1 3 4 18 11 2 1 21 26 [11]
0 10 10 3 24 18 20 28 3 29 6 [11]
18 20 3 11 4 24 25 24 28 5 8 [11]
10 0 3 11 2 24 0 3 27 10 6 [11]
27 0 3 11 4 24 28 3 23 24 25 [11]
5 20 28 11 4 24 20 10 28 29 6 [11]
18 20 18 3 3 24 24 10 0 21 26 [11]
5 2 3 4 18 11 2 1 29 6 [10]
27 0 3 24 4 24 10 14 24 0 26 [11]
10 0 28 18 20 21 5 20 20 18 26 [11]
18 10 0 24 4 24 10 2 3 29 6 [11]
5 20 28 24 4 11 27 0 28 29 6 [11]
27 0 1 24 4 24 4 3 21 26 [10]
18 20 28 3 29 0 11 2 3 29 6 [11]
10 0 3 3 4 24 10 0 3 18 26 [11]
10 28 3 3 24 4 24 0 28 21 26 [11]
27 10 0 23 27 0 24 0 1 24 25 16 [12]
27 10 0 3 11 4 24 10 28 21 8 16 [12]
10 0 3 24 0 24 0 20 29 6 [10]
5 18 3 11 4 4 11 2 28 21 26 [11]
10 0 28 27 0 24 5 2 1 29 25 [11]
10 0 28 23 2 24 10 0 1 29 12 16 [12]
18 20 28 24 0 11 27 0 1 21 7 [11]
5 2 28 3 10 10 10 28 3 29 6 [11]
20 4 3 3 11 4 18 20 20 1 21 7 [12]
5 2 3 3 4 24 10 20 27 0 6 [11]
5 18 1 24 10 24 24 28 1 21 5 26 [12]
5 1 3 3 24 0 24 0 10 1 21 7 [12]
5 20 3 1 11 18 27 28 28 21 26 [11]
27 20 3 3 11 11 18 20 1 21 26 [11]
10 0 3 11 2 24 27 0 1 21 26 [11]
18 20 3 3 0 24 0 1 29 0 12 [11]
10 0 1 11 4 4 24 0 1 21 8 [11]
5 20 3 3 4 11 2 1 21 26 [10]
20 10 28 24 4 29 11 2 3 29 6 [11]
10 0 1 23 11 4 10 0 28 21 26 [11]
10 0 0 23 11 5 11 2 3 27 0 6 [12]
10 0 3 3 20 24 4 28 28 21 26 [11]
5 2 0 3 3 18 27 0 28 29 6 [11]
10 0 3 3 0 24 24 0 1 21 8 [11]
5 20 1 3 11 4 11 11 18 1 29 6 [12]
10 0 1 3 11 27 10 28 28 11 8 [11]
18 20 3 3 4 24 11 2 28 29 25 [11]
18 20 28 24 4 18 20 2 29 10 25 [11]
10 10 20 11 2 11 5 2 28 29 12 [11]
27 0 28 3 11 24 10 0 1 21 8 [11]
18 20 3 11 2 24 10 28 28 21 26 16 [12]
10 0 28 3 4 24 27 18 1 21 26 [11]
18 20 3 24 0 24 10 0 1 29 6 [11]
18 20 28 3 4 24 4 10 1 21 26 [11]
10 10 0 24 0 18 27 0 0 29 6 [11]
11 2 3 24 0 24 11 2 24 10 6 [11]
27 0 1 3 24 20 24 0 3 1 29 6 [12]
21 2 3 3 3 18 5 10 28 18 7 [11]
27 0 3 3 18 20 24 28 3 27 0 25 [12]
5 10 28 11 4 11 2 28 29 25 [10]
27 0 28 3 2 29 10 0 24 18 26 [11]
27 0 1 23 3 18 5 10 14 21 26 [11]
10 0 3 11 4 11 2 1 21 8 [10]
20 10 3 3 11 18 20 2 3 11 8 15 [12]
5 2 28 24 11 18 27 4 3 21 26 [11]
27 0 3 23 27 0 24 10 1 21 26 8 [12]
27 0 0 3 3 0 11 2 10 0 29 25 [12]
11 2 28 11 4 24 11 27 0 10 25 [11]
5 2 1 11 4 24 18 14 21 5 26 [11]
5 2 28 3 3 18 20 28 3 29 12 [11]
23 18 20 24 10 10 0 1 29 6 [10]
5 20 3 3 11 4 24 18 1 29 6 [11]
5 1 3 24 0 11 5 2 1 21 26 [11]
27 0 3 4 24 10 0 23 21 26 [10]
5 1 3 23 11 4 27 0 3 24 18 7 [12]
18 18 1 24 4 24 11 2 28 21 26 [11]
18 20 20 3 11 4 5 2 28 29 6 [11]
18 20 1 11 4 11 5 2 1 29 6 [11]
5 20 28 3 24 24 0 4 18 18 7 [11]
27 0 3 3 4 24 0 3 28 10 12 [11]
27 0 23 24 0 18 23 28 29 6 [10]
18 20 3 3 3 4 4 28 28 11 26 8 [12]
11 2 28 18 20 14 [6]
5 20 23 18 20 25 16 [7]
18 20 1 18 20 11 25 [7]
5 0 3 18 20 14 [6]
10 18 20 11 18 20 7 [7]
11 4 3 18 20 14 [6]
27 0 24 11 5 8 [6]
5 20 11 5 27 25 13 [7]
27 0 3 24 10 6 [6]
0 20 23 18 20 20 7 [7]
5 1 11 18 20 14 [6]
20 20 11 5 5 5 25 [7]
27 10 0 2 24 2 26 [7]
27 0 24 10 11 8 16 [7]
10 0 20 18 11 15 16 [7]
27 0 20 18 20 26 8 [7]
2 0 21 5 20 20 6 [7]
18 1 20 18 20 25 [6]
10 20 3 24 10 6 [6]
5 2 18 5 27 18 7 [7]
10 0 20 18 18 26 8 [7]
18 1 11 5 27 10 6 [7]
5 20 23 11 27 14 6 [7]
18 20 3 18 20 8 [6]
10 0 11 18 27 14 6 [7]
17 10 28 24 11 8 16 [7]
18 18 5 5 18 14 8 [7]
27 0 20 18 11 8 15 [7]
10 18 20 18 27 11 8 [7]
10 0 23 5 11 25 16 [7]
5 10 11 18 27 10 6 [7]
27 4 23 11 27 25 16 [7]
5 20 4 24 0 25 [6]
27 20 3 11 5 25 [6]
10 0 1 18 20 20 8 [7]
18 20 23 17 11 5 8 [7]
27 0 23 17 18 2 12 [7]
10 0 24 10 0 0 26 [7]
27 0 3 24 20 26 [6]
5 2 11 5 5 2 26 [7]
27 0 24 10 0 14 16 [7]
5 27 23 18 20 10 6 [7]
27 0 3 27 10 10 6 [7]
5 20 11 18 27 6 [6]
27 20 23 11 18 26 [6]
10 0 11 4 3 11 26 [7]
18 20 23 18 20 18 7 [7]
18 18 20 10 20 25 26 [7]
11 4 23 18 20 0 26 [7]
27 0 11 5 4 14 [6]
10 0 3 18 27 10 25 [7]
5 20 3 18 20 26 [6]
5 20 11 5 27 10 12 [7]
27 10 0 18 20 20 12 [7]
27 0 28 3 18 27 14 [7]
10 0 2 18 18 26 16 [7]
0 20 24 10 0 20 25 [7]
20 4 23 24 0 5 8 [7]
0 10 23 18 20 25 16 [7]
27 10 28 27 0 11 26 [7]
27 10 11 27 10 10 25 [7]
10 0 24 18 20 2 25 [7]
20 2 1 28 11 5 26 [7]
5 1 23 11 27 10 6 [7]
10 0 3 18 20 26 [6]
21 20 3 18 20 5 26 [7]
27 0 1 18 27 6 16 [7]
18 20 28 18 20 6 [6]
10 4 3 18 20 11 8 [7]
10 0 3 18 27 6 [6]
2 0 24 10 11 15 8 [7]
10 10 20 18 27 6 [6]
27 0 23 18 20 14 8 [7]
5 20 11 5 20 8 [6]
18 20 20 18 20 8 [6]
27 0 11 18 20 25 [6]
10 23 24 10 0 2 7 [7]
10 0 3 18 20 20 7 [7]
5 1 23 18 20 20 26 [7]
27 0 3 18 27 0 7 [7]
27 0 23 5 11 5 7 [7]
20 20 20 24 24 25 16 [7]
27 0 3 18 20 5 8 [7]
27 0 20 18 5 26 16 [7]
10 0 2 4 18 10 6 [7]
5 27 11 5 20 25 16 [7]
10 0 23 18 20 20 26 [7]
5 20 18 18 20 7 [6]
10 4 11 18 20 18 26 [7]
10 0 18 20 11 8 [6]
18 20 20 18 20 14 [6]
18 20 3 18 27 6 16 [7]
5 20 3 18 20 26 16 [7]
5 0 23 18 27 25 16 [7]
20 18 20 5 5 25 16 [7]
10 0 24 18 27 6 8 [7]
0 20 24 10 20 11 8 [7]
27 0 11 18 20 25 15 [7]
10 0 24 18 27 18 7 [7]
18 20 20 18 20 27 6 [7]
18 27 28 18 5 8 [6]
10 0 11 5 18 14 7 [7]
10 0 23 18 20 5 25 [7]
27 0 3 18 11 15 16 [7]
11 4 24 18 20 2 25 [7]
5 2 18 11 27 12 [6]
5 0 11 5 5 14 16 [7]
5 1 24 11 5 18 7 [7]
11 2 20 11 18 1 8 [7]
27 0 20 4 24 10 6 [7]
18 20 23 18 27 6 16 [7]
10 10 11 2 11 8 [6]
27 0 3 18 5 25 [6]
18 20 11 18 18 20 26 [7]
5 5 5 3 18 5 8 16 [8]
18 20 3 27 10 18 7 [7]
18 11 2 27 0 6 [6]
5 20 18 18 5 5 26 [7]
27 0 23 5 10 6 [6]
27 0 11 5 27 0 7 [7]
18 20 3 18 11 8 16 [7]
27 0 11 5 5 27 6 [7]
27 0 20 18 18 26 16 [7]
5 5 20 11 27 12 [6]
5 20 23 11 5 8 [6]
5 10 0 18 27 6 [6]
10 0 24 18 20 25 [6]
27 10 11 5 4 4 26 [7]
5 20 20 18 18 27 6 [7]
18 20 23 11 4 14 16 [7]
18 1 11 4 20 5 15 [7]
5 5 11 5 18 14 16 [7]
27 0 3 18 11 5 8 [7]
21 2 0 18 18 20 8 [7]
20 23 2 18 20 2 25 [7]
27 0 3 18 20 14 6 [7]
5 2 24 10 20 5 26 [7]
27 0 23 18 5 15 16 [7]
10 0 23 5 27 10 7 [7]
5 23 27 18 18 26 [6]
5 2 11 27 10 6 [6]
20 18 24 18 20 6 [6]
18 20 11 18 20 26 16 [7]
27 20 3 18 20 15 8 [7]
27 0 23 27 10 14 25 [7]
27 0 23 11 2 25 [6]
10 0 20 18 4 11 26 [7]
5 18 11 18 20 8 [6]
5 2 3 18 5 8 15 [7]
10 0 28 18 20 5 8 [7]
5 5 20 24 20 25 [6]
5 20 23 5 11 5 8 [7]
18 20 23 18 2 25 [6]
5 20 3 18 27 6 6 [7]
10 10 24 18 27 6 [6]
5 2 11 18 5 2 12 [7]
27 0 11 5 5 2 7 [7]
18 20 11 5 5 20 26 [7]
5 20 23 18 20 14 16 [7]
10 0 11 27 0 27 6 [7]
24 0 23 5 4 4 6 [7]
5 20 11 18 5 25 26 [7]
10 10 11 5 20 8 [6]
18 20 23 11 18 26 16 [7]
27 0 28 18 20 15 15 [7]
10 0 3 18 11 5 15 [7]
27 0 28 27 10 0 14 [7]
5 1 24 18 20 8 16 [7]
18 20 11 18 20 25 [6]
18 20 23 5 5 15 [6]
10 4 23 21 2 10 6 [7]
20 18 5 5 20 25 [6]
10 0 3 18 18 5 8 [7]
5 20 24 18 5 25 25 [7]
27 10 0 27 10 25 [6]
18 18 18 18 5 8 [6]
10 0 23 18 24 10 6 [7]
5 5 4 11 4 26 [6]
10 0 23 18 20 8 16 [7]
27 0 23 5 18 14 6 [7]
10 0 11 18 20 27 12 [7]
5 2 23 18 11 8 15 [7]
10 3 11 11 5 8 [6]
18 20 28 18 5 8 [6]
5 2 11 18 27 10 6 [7]
27 0 18 18 20 7 [6]
18 20 28 18 27 20 12 [7]
20 18 20 18 5 14 6 [7]
21 2 1 11 5 8 [6]
27 20 11 18 5 26 8 [7]
27 0 11 18 5 20 8 [7]
18 20 3 18 11 25 16 [7]
10 0 28 11 5 4 25 [7]
18 20 0 18 20 2 25 [7]
18 20 23 18 20 15 15 [7]
18 1 18 5 27 6 [6]
27 20 23 5 27 0 25 [7]
18 27 28 18 20 11 15 [7]
27 0 3 18 20 5 7 [7]
5 20 4 4 27 6 16 [7]
18 20 24 18 20 27 7 [7]
10 0 11 18 27 0 7 [7]
27 0 23 5 21 26 [6]
18 20 18 18 5 8 16 [7]
10 0 20 18 5 5 25 [7]
18 20 3 18 27 6 16 [7]
27 0 23 18 5 8 8 [7]
27 0 3 23 5 5 26 [7]
18 20 28 18 18 14 8 [7]
10 0 3 11 18 26 [6]
5 1 11 4 18 26 8 [7]
20 10 24 18 20 11 8 [7]
27 0 11 18 10 14 [6]
27 0 28 3 24 18 7 [7]
10 0 23 5 20 10 25 [7]
10 20 23 18 10 6 16 [7]
5 27 0 18 5 26 15 [7]
20 27 0 18 27 11 8 [7]
5 20 23 5 5 26 8 [7]
1 18 23 11 5 26 8 [7]
27 0 11 5 27 0 7 [7]
27 0 24 18 5 2 25 [7]
27 10 23 18 20 5 8 [7]
27 0 20 4 11 18 12 [7]
5 20 24 4 11 5 26 [7]
27 0 23 5 27 6 25 [7]
27 0 3 18 20 2 6 [7]
18 20 20 11 27 0 8 [7]
5 20 24 18 5 26 [6]
18 20 23 5 5 10 14 [7]
27 0 3 18 5 8 [6]
18 20 23 18 20 12 [6]
18 20 20 18 27 0 8 [7]
20 18 5 5 11 15 [6]
5 20 23 5 27 25 [6]
27 10 0 18 5 8 [6]
27 0 21 5 20 8 16 [7]
27 0 23 17 20 5 8 [7]
10 0 23 11 27 12 16 [7]
10 20 11 18 5 2 25 [7]
27 0 24 18 24 4 26 [7]
5 2 28 18 27 14 6 [7]
5 20 23 18 20 14 16 [7]
10 0 23 5 20 20 8 [7]
27 28 24 18 20 26 8 [7]
18 20 24 10 0 11 8 [7]
18 20 11 5 5 14 16 [7]
2 28 3 18 10 0 26 [7]
10 10 3 18 11 26 26 [7]
18 20 3 3 24 25 16 [7]
11 27 0 17 22 [5]
23 17 23 17 22 [5]
24 28 29 28 17 12 [6]
11 2 28 17 9 [5]
27 0 1 18 7 [5]
28 27 28 17 9 [5]
11 18 20 5 7 [5]
28 27 28 17 9 16 [6]
24 14 21 2 14 [5]
23 2 24 17 1 8 [6]
28 17 3 17 9 [5]
28 2 17 17 19 [5]
23 2 21 27 14 13 [6]
23 27 0 17 22 [5]
24 0 23 17 22 [5]
24 0 23 17 12 [5]
24 2 20 17 19 13 [6]
1 18 1 19 25 [5]
24 10 28 17 22 [5]
23 17 23 17 22 [5]
3 3 3 1 17 24 28 17 3 3 8 [11]
23 17 28 17 22 [5]
11 2 21 23 17 19 16 [7]
24 28 28 17 25 [5]
18 1 21 17 22 [5]
23 17 28 27 12 [5]
11 2 17 17 19 7 [6]
23 10 0 17 9 [5]
23 27 10 17 19 13 [6]
0 27 28 17 12 [5]
18 27 28 17 12 [5]
18 18 1 18 12 [5]
1 29 0 19 7 [5]
23 2 23 17 22 [5]
5 2 28 17 12 [5]
24 28 21 20 19 16 [6]
5 5 23 17 22 [5]
10 0 3 17 12 [5]
0 2 23 17 19 [5]
23 18 1 17 22 [5]
23 2 17 17 19 8 [6]
0 5 5 18 7 [5]
23 17 17 17 22 [5]
24 28 17 17 19 12 [6]
23 2 17 20 22 [5]
20 20 23 17 7 [5]
10 28 24 20 22 16 [6]
27 10 0 18 12 [5]
18 27 28 17 22 [5]
23 18 1 17 9 [5]
11 2 28 17 19 [5]
18 1 17 17 22 [5]
24 2 3 17 12 [5]
11 2 17 17 9 [5]
1 21 1 3 9 [5]
10 10 0 5 26 [5]
24 28 17 17 1 17 19 [7]
23 5 23 1 8 [5]
28 17 3 17 12 [5]
27 10 28 17 7 [5]
24 2 23 17 22 [5]
18 1 23 17 22 [5]
24 28 17 17 22 [5]
5 27 6 18 22 [5]
24 28 23 17 19 8 [6]
11 2 28 17 19 [5]
23 2 23 17 22 [5]
23 18 23 17 22 [5]
5 5 2 3 12 [5]
3 27 28 17 22 16 [6]
23 2 23 17 9 [5]
28 27 28 17 22 [5]
4 27 28 17 19 16 [6]
11 2 28 17 22 [5]
18 20 28 17 12 [5]
3 2 23 17 22 [5]
24 28 17 20 3 7 [6]
23 2 28 17 22 [5]
20 27 28 17 22 [5]
24 28 23 17 9 [5]
10 28 17 17 9 [5]
1 27 23 17 22 [5]
0 27 23 17 26 [5]
28 27 17 19 16 [5]
28 17 1 17 22 [5]
23 27 0 17 9 [5]
1 18 1 17 22 [5]
23 17 28 18 14 [5]
23 2 28 17 9 [5]
20 10 28 3 12 [5]
28 2 29 28 19 7 [6]
18 27 0 20 7 [5]
11 2 28 3 26 [5]
3 3 23 1 3 3 24 0 28 3 3 3 22 [13]
24 0 23 17 22 [5]
18 27 28 17 9 [5]
23 3 17 17 19 7 [6]
3 18 1 17 26 [5]
11 2 18 20 22 16 [6]
23 28 23 17 22 [5]
5 5 18 18 22 [5]
11 27 0 17 22 [5]
23 2 28 17 22 [5]
23 18 1 17 22 [5]
23 18 5 18 12 [5]
24 27 28 17 22 [5]
28 27 28 17 22 [5]
18 18 1 17 22 [5]
11 2 23 17 7 [5]
23 18 1 17 12 [5]
24 18 1 18 26 [5]
24 28 29 0 17 22 [6]
18 1 17 17 19 [5]
21 26 23 5 26 [5]
28 27 28 17 12 [5]
23 2 28 17 22 [5]
23 1 29 0 3 7 [6]
24 28 3 17 12 [5]
1 21 27 14 9 [5]
23 2 24 28 17 22 [6]
10 28 28 17 19 16 [6]
28 17 28 17 26 [5]
5 1 23 17 9 [5]
10 10 28 17 12 [5]
23 2 23 17 22 [5]
28 29 20 18 12 [5]
23 17 23 17 22 [5]
18 1 17 17 1 8 [6]
23 27 0 17 22 [5]
28 17 23 17 26 [5]
28 27 28 17 9 [5]
1 18 1 17 7 [5]
24 28 17 28 17 8 [6]
23 17 1 17 12 [5]
23 17 23 17 22 [5]
23 17 1 17 12 [5]
23 28 23 17 12 [5]
20 18 20 1 7 [5]
23 2 23 17 22 [5]
24 2 23 17 22 [5]
28 17 28 17 12 [5]
23 1 17 28 17 7 [6]
24 28 28 17 12 [5]
24 28 17 23 2 17 22 [7]
29 28 18 23 3 3 22 [7]
23 27 0 17 9 [5]
24 28 17 28 17 22 [6]
3 18 1 18 7 [5]
23 27 28 17 9 [5]
23 27 28 17 9 [5]
23 28 17 17 9 13 [6]
24 28 17 17 19 16 [6]
1 17 23 18 26 [5]
23 2 17 17 22 [5]
0 17 28 17 19 [5]
24 28 28 17 19 [5]
24 27 0 17 19 16 [6]
20 24 28 17 22 [5]
18 1 17 23 1 [5]
24 2 28 17 19 [5]
27 10 28 17 9 [5]
1 11 4 5 26 [5]
18 2 28 17 22 [5]
23 2 24 17 19 [5]
3 17 23 17 19 [5]
23 2 23 17 22 [5]
24 28 23 17 22 [5]
24 10 0 17 9 [5]
23 23 17 28 17 7 [6]
5 23 5 18 22 [5]
28 27 28 17 22 [5]
23 2 23 17 22 [5]
0 20 23 17 22 8 [6]
23 2 23 17 19 [5]
3 28 28 17 22 [5]
24 10 0 27 6 [5]
23 2 28 17 22 [5]
23 27 0 17 9 [5]
23 27 28 17 22 [5]
23 2 28 17 9 [5]
23 17 1 17 22 [5]
11 2 28 18 7 [5]
24 28 17 1 19 12 [6]
3 3 24 18 7 [5]
24 28 17 1 17 22 [6]
23 2 28 17 22 [5]
24 28 17 17 9 [5]
28 3 17 17 22 [5]
23 28 24 10 12 16 [6]
23 2 28 17 9 [5]
0 27 0 17 9 [5]
23 27 28 17 7 [5]
23 2 28 17 22 [5]
23 2 23 17 22 16 [6]
18 1 23 17 22 [5]
0 2 18 20 14 16 [6]
11 2 17 17 22 [5]
10 20 28 17 22 [5]
27 23 23 5 26 [5]
1 27 28 17 22 [5]
24 28 24 17 19 [5]
20 10 23 17 14 [5]
23 17 1 17 12 [5]
28 21 17 19 25 [5]
23 17 1 17 12 [5]
28 17 3 17 22 [5]
28 17 17 17 19 16 [6]
23 27 6 17 22 [5]
3 28 23 1 19 [5]
4 18 5 27 12 [5]
24 28 23 17 12 [5]
23 17 1 17 9 [5]
0 20 23 17 12 [5]
24 28 17 17 22 [5]
18 18 1 18 7 [5]
10 28 23 17 19 [5]
23 24 23 2 12 [5]
18 1 17 17 22 [5]
28 28 17 17 19 16 [6]
10 28 23 17 22 [5]
28 29 28 17 7 [5]
23 17 23 17 9 16 [6]
18 20 1 17 1 8 [6]
24 4 28 17 9 [5]
24 18 23 17 22 [5]
3 28 28 17 9 [5]
23 27 28 17 22 [5]
11 2 24 11 8 [5]
11 2 20 17 14 [5]
1 29 28 17 12 [5]
5 5 23 2 14 [5]
24 28 17 17 3 17 22 [7]
24 0 23 5 26 [5]
23 27 28 17 9 [5]
24 23 17 20 1 14 [6]
23 2 1 17 22 [5]
18 27 0 18 7 [5]
23 27 28 17 22 16 [6]
10 0 20 17 12 [5]
23 27 28 17 22 [5]
0 20 5 18 7 [5]
23 5 23 17 22 [5]
23 5 1 17 22 [5]
11 2 0 17 19 16 [6]
24 10 28 17 12 [5]
23 18 1 17 22 [5]
11 2 11 18 26 [5]
28 17 1 17 9 [5]
5 2 23 17 9 [5]
23 1 18 21 5 14 7 [7]
23 17 19 16 [4]
23 2 9 [3]
24 23 17 7 [4]
23 17 12 [3]
5 2 17 12 [4]
23 2 19 6 [4]
23 27 6 [3]
23 17 19 13 [4]
23 2 12 [3]
23 17 17 9 [4]
24 17 9 [3]
23 2 9 [3]
27 23 19 12 [4]
23 23 17 12 [4]
23 17 22 [3]
23 17 19 7 [4]
23 2 19 6 [4]
23 2 1 16 [4]
23 2 19 12 [4]
23 3 17 22 [4]
23 17 19 12 [4]
23 17 22 [3]
4 23 17 22 [4]
27 28 19 12 [4]
23 17 9 [3]
4 0 9 [3]
11 2 2 19 [4]
2 23 17 12 [4]
5 2 20 26 [4]
23 2 9 [3]
23 2 9 [3]
23 17 22 [3]
23 2 17 26 [4]
23 17 9 16 [4]
23 2 17 9 [4]
5 2 9 [3]
23 17 12 [3]
23 2 9 16 [4]
23 17 22 8 [4]
23 2 22 [3]
23 17 9 16 [4]
4 17 19 16 [4]
10 17 9 [3]
23 2 9 [3]
23 17 19 12 [4]
23 23 17 7 [4]
23 23 27 9 [4]
23 2 9 16 [4]
3 17 22 [3]
23 2 12 [3]
24 17 22 [3]
23 2 9 [3]
23 2 19 7 [4]
23 10 12 16 [4]
23 17 22 [3]
23 3 17 22 [4]
23 17 19 16 [4]
23 17 19 [3]
23 17 9 [3]
23 17 19 25 [4]
23 17 12 [3]
4 2 9 [3]
23 17 12 [3]
23 2 17 12 [4]
24 28 17 26 [4]
23 2 9 16 [4]
23 2 27 6 [4]
23 4 28 9 [4]
23 17 17 7 [4]
27 17 22 16 [4]
23 2 17 26 [4]
23 4 17 7 [4]
18 27 6 [3]
23 27 9 [3]
11 2 19 25 [4]
23 2 9 [3]
23 2 9 [3]
23 2 19 26 [4]
23 17 19 16 [4]
4 17 22 13 [4]
23 2 9 [3]
23 17 9 [3]
23 2 19 6 [4]
23 23 17 12 [4]
23 17 22 [3]
23 17 12 [3]
23 2 9 [3]
23 27 9 8 [4]
4 2 9 16 [4]
23 2 9 13 [4]
4 2 12 [3]
11 2 19 9 [4]
23 17 19 13 [4]
23 2 6 [3]
23 17 9 [3]
23 17 19 12 [4]
23 27 12 [3]
23 17 19 16 [4]
23 2 19 12 [4]
24 0 19 16 [4]
10 28 17 6 [4]
23 2 17 12 [4]
23 2 19 25 [4]
23 17 19 13 [4]
11 2 2 12 [4]
23 2 1 26 [4]
23 17 22 [3]
4 17 19 16 [4]
5 2 9 [3]
11 2 9 [3]
11 2 19 6 [4]
23 27 9 15 [4]
23 17 9 16 [4]
23 17 22 [3]
23 17 22 [3]
23 17 19 7 [4]
23 17 17 12 [4]
23 2 19 [3]
23 2 9 [3]
24 28 17 12 [4]
23 2 22 [3]
23 17 9 16 [4]
23 2 3 25 [4]
23 17 22 16 [4]
23 23 1 8 [4]
23 2 19 [3]
23 5 22 16 [4]
23 2 1 26 [4]
23 17 19 12 [4]
23 2 17 7 [4]
23 2 9 [3]
24 2 9 [3]
23 17 19 7 [4]
23 5 22 [3]
23 2 6 [3]
5 2 9 [3]
23 17 19 12 [4]
23 1 17 22 [4]
23 2 9 [3]
23 23 17 9 [4]
23 2 19 6 [4]
23 28 17 26 [4]
23 2 19 [3]
5 18 19 25 [4]
23 2 9 [3]
23 20 19 [3]
23 17 9 [3]
23 5 26 [3]
23 2 19 22 [4]
23 17 19 25 [4]
23 2 17 7 [4]
23 17 22 [3]
23 17 19 13 [4]
23 17 22 16 [4]
23 2 19 9 [4]
23 17 19 16 [4]
23 17 9 [3]
23 2 19 7 [4]
11 2 19 8 [4]
23 2 12 [3]
23 17 6 [3]
24 27 12 [3]
24 0 9 [3]
23 2 19 26 [4]
23 18 7 [3]
23 17 9 [3]
23 17 17 22 [4]
23 2 28 26 [4]
23 17 9 [3]
23 2 22 [3]
23 2 9 [3]
23 18 22 [3]
23 3 17 26 [4]
23 2 19 12 [4]
23 2 12 [3]
23 2 19 6 [4]
23 28 17 22 [4]
23 2 19 16 [4]
11 18 7 8 [4]
23 3 17 12 [4]
23 17 19 26 [4]
23 2 19 25 [4]
4 27 9 25 [4]
23 17 19 16 [4]
28 17 19 25 [4]
23 17 22 [3]
23 17 1 16 [4]
23 17 19 13 [4]
23 17 19 [3]
23 17 22 [3]
23 17 19 25 [4]
3 23 17 6 [4]
23 17 22 16 [4]
23 17 22 [3]
23 2 22 [3]
23 17 9 [3]
23 2 25 [3]
23 17 22 [3]
23 17 19 7 [4]
23 17 19 25 [4]
23 17 9 [3]
23 2 17 22 [4]
23 2 17 22 [4]
23 17 9 [3]
23 17 22 [3]
11 2 19 12 [4]
23 17 22 8 [4]
11 2 20 25 [4]
18 18 10 12 [4]
23 2 19 8 [4]
23 17 19 16 [4]
23 2 9 [3]
20 4 27 6 [4]
27 0 17 22 [4]
23 17 22 16 [4]
23 17 22 [3]
23 17 22 [3]
23 2 19 [3]
2 23 27 6 [4]
5 27 6 13 [4]
24 17 22 [3]
2 28 1 26 [4]
23 17 22 [3]
23 2 12 [3]
23 2 12 [3]
23 17 22 [3]
23 17 19 13 [4]
23 2 19 [3]
23 2 9 [3]
18 2 17 7 [4]
2 17 9 [3]
4 24 10 12 [4]
10 28 27 6 [4]
23 19 12 [3]
11 2 19 12 [4]
23 2 19 [3]
23 2 19 8 [4]
27 28 17 12 [4]
23 2 19 16 [4]
23 2 17 6 [4]
23 5 2 7 [4]
24 10 12 [3]
23 17 9 [3]
23 17 19 [3]
23 17 22 8 [4]
23 2 9 [3]
5 2 9 [3]
2 28 19 7 [4]
11 4 18 22 [4]
4 17 22 [3]
4 4 4 14 [4]
10 20 25 [3]
20 11 15 16 [4]
20 18 19 6 [4]
18 11 15 [3]
4 4 10 12 [4]
4 11 15 16 [4]
11 4 15 [3]
24 11 15 16 [4]
24 4 28 14 [4]
24 4 4 15 [4]
21 11 4 15 [4]
24 4 14 16 [4]
4 0 27 14 [4]
18 4 14 16 [4]
24 4 4 26 [4]
11 4 11 15 [4]
27 4 14 25 [4]
4 11 15 [3]
4 4 10 12 [4]
4 18 3 3 14 [5]
18 20 14 7 [4]
4 4 14 15 [4]
5 4 14 16 [4]
24 11 15 13 [4]
4 4 11 15 [4]
4 4 10 14 [4]
4 11 15 [3]
18 4 4 15 [4]
0 4 14 8 [4]
18 4 0 14 [4]
24 11 15 25 [4]
4 4 0 12 [4]
18 4 15 8 [4]
24 4 4 15 [4]
11 4 15 16 [4]
4 4 4 25 [4]
27 11 14 15 [4]
5 4 4 14 [4]
24 4 14 [3]
4 24 14 [3]
5 4 14 25 [4]
24 4 10 14 [4]
4 4 14 15 [4]
18 1 11 15 [4]
11 4 3 14 [4]
18 4 11 8 [4]
24 0 4 14 [4]
24 4 24 25 [4]
24 4 11 15 [4]
4 4 14 [3]
4 3 24 14 [4]
4 18 14 13 [4]
2 23 20 12 [4]
24 4 14 26 [4]
11 2 4 14 [4]
24 11 15 2 [4]
4 11 4 15 [4]
27 20 14 7 [4]
24 4 4 14 [4]
24 4 14 13 [4]
24 4 14 25 [4]
24 4 4 8 [4]
24 4 4 15 [4]
4 18 14 16 [4]
24 4 11 15 [4]
11 4 11 15 [4]
4 24 14 16 [4]
4 18 14 13 [4]
5 11 4 8 [4]
24 4 14 16 [4]
23 4 4 7 [4]
18 4 14 15 [4]
4 4 4 8 [4]
0 11 15 [3]
24 4 14 16 [4]
24 4 14 13 [4]
24 4 4 14 [4]
27 0 18 7 [4]
23 4 11 15 [4]
24 3 4 14 16 [5]
4 4 4 14 [4]
0 4 15 [3]
4 3 11 15 [4]
18 4 25 [3]
18 4 14 1 [4]
4 4 11 8 [4]
24 18 14 16 [4]
4 4 15 [3]
18 11 15 28 [4]
24 10 0 12 [4]
4 4 14 [3]
5 11 4 15 [4]
24 10 14 16 [4]
18 20 11 15 [4]
20 4 14 [3]
24 4 11 15 [4]
24 4 4 15 [4]
4 4 3 14 [4]
24 4 4 8 [4]
24 18 14 16 [4]
4 18 14 [3]
11 4 14 8 [4]
0 4 15 [3]
24 0 14 15 [4]
24 4 4 15 [4]
18 4 4 15 [4]
4 4 2 8 [4]
4 11 14 15 [4]
5 4 4 15 [4]
27 4 14 15 [4]
5 18 1 14 [4]
24 28 11 15 [4]
4 4 14 13 [4]
24 4 15 [3]
5 4 14 13 [4]
4 4 4 25 [4]
11 4 15 13 [4]
4 24 14 8 [4]
24 0 14 13 [4]
4 11 4 26 [4]
21 4 11 15 [4]
5 11 15 16 [4]
18 20 4 25 [4]
5 4 14 8 [4]
24 4 4 15 [4]
0 11 14 8 [4]
4 4 15 15 [4]
24 0 3 26 [4]
24 4 14 12 [4]
18 18 14 25 [4]
24 4 11 15 [4]
24 11 15 13 [4]
0 11 15 [3]
3 3 4 15 16 [5]
11 4 15 [3]
24 4 2 15 [4]
18 10 14 16 [4]
0 29 6 [3]
11 4 4 14 [4]
24 4 14 6 [4]
18 11 15 8 [4]
24 10 14 12 [4]
4 24 25 [3]
18 20 14 13 [4]
18 4 11 15 [4]
24 4 4 8 [4]
24 4 4 14 [4]
24 4 2 13 [4]
24 4 14 13 [4]
4 4 3 14 [4]
18 4 15 [3]
24 4 14 16 [4]
0 4 4 25 [4]
4 18 14 16 [4]
24 4 11 15 [4]
24 11 15 16 [4]
24 4 4 8 [4]
24 4 15 [3]
24 0 24 14 [4]
2 4 14 15 [4]
24 4 15 15 [4]
18 11 15 13 [4]
23 2 3 3 25 [5]
4 4 11 15 [4]
4 4 11 15 [4]
11 4 11 15 [4]
11 2 4 15 [4]
11 4 20 25 [4]
4 4 14 16 [4]
1 3 18 14 16 [5]
24 4 11 15 [4]
4 4 14 7 [4]
4 4 24 25 [4]
10 20 14 [3]
3 3 11 15 [4]
18 18 14 16 [4]
24 0 3 14 [4]
11 4 11 15 16 [5]
24 0 11 15 [4]
4 11 15 15 [4]
0 24 14 16 [4]
24 4 4 15 [4]
27 4 14 13 [4]
18 20 11 15 [4]
4 4 4 15 [4]
27 18 14 [3]
24 4 14 8 [4]
18 20 20 12 [4]
18 11 4 15 [4]
27 4 4 8 [4]
0 24 14 16 [4]
4 4 14 16 [4]
4 4 3 14 [4]
23 11 15 16 [4]
18 4 4 15 [4]
24 28 11 15 [4]
27 0 11 8 [4]
4 11 15 16 [4]
4 11 15 16 [4]
24 0 14 16 [4]
27 0 4 8 [4]
27 0 15 [3]
0 11 15 13 [4]
24 4 4 14 [4]
24 4 4 15 [4]
18 4 11 15 [4]
24 4 14 26 [4]
24 4 4 25 [4]
18 20 15 16 [4]
1 18 11 15 [4]
0 4 4 25 [4]
24 4 11 8 [4]
0 24 11 15 [4]
4 4 4 8 [4]
4 4 11 8 [4]
4 24 11 8 [4]
24 4 1 15 [4]
24 4 3 14 [4]
24 11 15 15 [4]
24 4 14 26 [4]
4 4 14 8 [4]
18 11 4 15 [4]
24 4 15 13 [4]
24 4 4 15 [4]
24 4 10 12 [4]
24 4 20 7 [4]
24 4 11 15 [4]
24 4 14 16 [4]
4 24 14 [3]
18 11 2 13 [4]
4 3 3 14 16 [5]
11 4 11 8 [4]
24 4 11 26 [4]
0 11 15 15 [4]
4 11 15 [3]
24 11 15 16 [4]
4 4 24 14 [4]
27 0 4 14 [4]
24 10 4 25 [4]
27 4 14 8 [4]
18 20 20 14 [4]
0 24 14 15 [4]
24 4 4 15 [4]
24 4 11 26 [4]
10 10 14 [3]
18 4 14 8 [4]
5 2 4 14 [4]
5 18 14 16 [4]
24 0 11 15 [4]
