49 10 36 13 39 41 18 44 34 35 33 49 18 20 4 49 20 0 41 15 17 31 35 36 2 26 
2 36 39 40 24 39 19 44 34 33 49 32 27 1 25 38 0 8 6 31 11 36 2 26 
7 12 19 40 40 24 8 35 20 0 32 3 27 1 38 43 41 41 15 45 40 21 10 26 
45 28 28 6 39 8 6 39 19 44 34 33 32 3 3 28 22 6 13 41 41 15 17 35 36 2 5 
1 45 48 13 19 40 18 19 44 34 20 4 4 3 25 6 0 38 39 41 15 45 31 48 23 47 
1 24 36 13 40 24 19 44 34 38 0 4 3 20 20 4 27 43 41 15 15 31 11 48 4 14 
6 24 11 1 0 18 24 19 44 34 21 30 1 49 37 0 38 43 27 5 41 48 24 24 31 31 12 4 7 
10 12 23 0 8 24 19 44 35 21 38 32 3 0 18 20 38 39 20 13 35 31 11 36 5 
6 6 48 39 18 45 19 44 34 35 21 28 32 3 3 0 4 36 2 40 10 45 31 11 1 2 14 
1 15 30 9 40 41 15 19 44 34 8 20 4 3 30 49 4 27 43 39 41 15 17 35 48 46 
30 45 48 13 41 41 15 19 44 44 34 3 28 4 37 30 49 28 27 43 41 41 15 31 35 12 7 7 
9 1 13 45 48 0 15 19 8 8 20 6 4 18 25 4 38 1 19 39 40 18 45 31 11 1 46 
1 45 12 7 29 19 40 49 44 34 34 38 6 32 34 16 6 38 20 13 40 24 19 30 1 10 47 
1 45 36 2 19 40 15 39 44 21 8 0 32 27 30 49 38 10 39 41 15 15 31 11 5 5 
1 1 1 49 40 24 19 44 34 21 33 49 34 21 30 43 27 43 19 41 15 19 31 11 36 5 
28 6 12 7 19 40 24 24 19 44 34 20 38 32 27 38 49 38 38 43 37 9 35 17 35 12 7 7 
10 35 36 13 39 41 15 39 19 44 39 3 32 3 0 0 28 8 39 44 6 45 31 12 7 7 
49 10 12 13 41 15 15 39 34 35 30 32 3 49 25 28 20 13 40 18 2 39 31 12 48 7 
1 1 1 43 40 10 19 44 34 34 20 4 32 3 30 9 28 6 45 48 0 15 31 11 1 46 
45 36 1 49 40 24 19 39 34 21 38 39 18 49 33 28 38 43 40 24 15 19 31 36 1 5 
49 10 36 13 40 49 39 34 21 38 19 16 20 4 28 27 2 19 40 15 31 40 21 10 5 
30 24 12 7 37 40 24 29 44 40 41 27 32 32 3 48 13 20 4 41 15 45 31 11 36 47 
45 11 1 49 41 15 6 39 44 34 20 4 32 3 30 1 38 6 8 40 24 45 11 1 5 
45 45 36 2 39 18 45 19 39 44 27 38 43 32 20 4 4 20 20 43 40 40 24 17 31 12 48 7 26 
1 1 30 49 40 24 15 19 44 34 21 48 4 3 20 4 27 43 40 24 15 17 31 12 48 14 
6 12 23 6 39 41 45 44 44 34 21 39 0 32 8 8 38 4 29 19 3 6 31 12 7 46 
1 45 11 2 19 40 10 30 39 44 34 38 39 18 22 9 30 2 27 43 30 24 24 31 41 36 2 5 
30 45 48 13 39 40 24 39 34 35 21 39 34 33 25 13 25 19 40 10 24 31 36 14 43 
6 24 12 7 28 8 40 44 34 35 21 25 4 3 8 6 38 27 30 40 24 15 31 11 1 5 
24 18 48 13 41 15 19 19 44 34 28 0 32 3 0 30 28 6 9 31 0 15 49 0 28 23 43 
45 12 7 39 40 41 39 44 34 21 39 32 3 30 45 38 6 39 3 4 35 0 12 23 26 
0 24 48 13 40 40 24 19 39 44 35 33 32 3 3 49 30 43 38 30 40 10 33 17 35 36 46 26 
28 15 48 13 19 41 10 32 44 34 27 43 32 3 20 4 20 13 45 30 2 19 31 11 1 5 
45 36 49 39 3 45 19 44 34 30 33 49 32 3 20 48 13 20 13 28 24 39 17 35 30 1 5 
33 10 28 19 40 40 24 19 44 34 33 32 32 3 36 2 27 43 40 24 17 31 21 21 5 26 
6 24 48 39 41 15 17 17 35 34 33 39 32 3 25 6 20 7 11 15 15 19 31 11 1 47 
30 45 48 13 39 18 1 19 44 34 21 43 32 3 18 1 27 43 40 40 24 31 11 1 47 
45 36 2 39 8 6 39 44 34 21 33 32 3 30 1 25 6 19 19 16 6 35 11 1 47 
2 45 36 2 39 41 21 19 44 34 35 21 33 39 3 0 25 6 20 4 37 16 45 31 11 48 7 26 
1 24 12 7 39 40 18 49 44 34 27 43 29 21 19 30 1 38 43 41 15 45 30 1 43 26 
49 35 36 43 40 18 45 39 19 44 34 21 28 4 0 20 13 0 10 49 41 15 19 31 11 1 2 26 
28 6 28 39 41 41 15 34 35 20 4 32 3 30 43 27 43 39 18 24 39 41 48 22 47 
1 1 1 2 19 44 45 39 44 34 10 25 38 32 3 0 0 38 1 9 40 41 38 32 12 48 7 
49 10 1 10 30 45 41 19 44 34 10 0 32 3 8 1 1 6 40 40 24 9 35 11 1 47 
6 24 48 48 39 41 18 15 19 44 34 33 39 21 18 38 30 28 27 9 29 44 8 6 35 48 13 26 
45 12 6 19 40 18 0 39 44 34 27 43 29 21 25 6 27 2 19 18 45 31 35 27 5 26 
30 45 36 2 18 15 15 44 35 34 27 32 32 3 8 30 13 28 13 40 18 2 31 11 1 2 
49 10 36 13 24 45 19 44 34 35 38 38 32 3 3 36 45 25 49 39 41 15 31 0 12 7 43 
1 24 36 13 39 18 9 17 34 34 21 38 32 32 3 38 30 43 38 6 39 44 6 35 31 11 1 5 
18 45 38 39 40 41 15 19 34 35 3 32 38 38 38 38 20 13 40 41 18 9 31 11 1 47 
25 7 12 13 39 41 15 19 44 20 4 32 3 28 32 38 43 19 40 18 45 11 36 2 
43 11 2 19 40 18 19 44 34 21 38 32 32 3 30 49 10 38 30 41 10 15 41 36 1 47 
45 12 4 6 39 3 39 44 35 18 0 4 3 25 6 1 13 40 40 24 15 35 12 48 7 
1 25 48 13 41 15 39 44 17 35 3 8 0 38 43 27 14 40 41 18 24 0 28 23 26 
24 48 13 19 8 9 19 19 44 34 0 32 32 3 25 13 38 43 19 41 18 45 31 11 36 47 26 
1 1 36 2 49 15 49 39 44 34 21 0 32 4 20 6 28 27 43 19 40 33 49 48 1 47 
7 24 12 13 29 37 6 19 39 44 34 33 49 41 3 0 4 27 43 19 17 35 31 40 10 10 26 
0 24 12 7 39 18 2 19 39 44 34 21 28 4 32 3 29 30 38 43 33 39 41 15 9 35 11 1 2 
8 45 11 0 0 40 24 39 44 34 28 28 4 32 3 6 1 38 43 40 18 10 17 35 36 1 47 
8 24 48 13 19 40 24 39 41 34 27 38 32 3 25 13 20 13 40 24 15 19 30 1 2 5 
7 12 6 40 41 39 44 34 28 0 4 21 25 6 38 38 9 19 18 45 12 12 7 43 
1 24 36 13 0 18 13 44 34 18 0 4 3 3 30 28 20 6 49 24 15 17 35 11 1 14 
40 24 19 44 34 21 33 32 3 20 13 28 38 6 19 8 6 31 35 36 2 26 
25 6 48 13 37 44 19 44 34 35 28 4 19 18 25 4 20 2 40 18 13 31 11 1 42 
1 24 36 13 40 24 44 33 29 34 35 21 38 43 3 20 13 38 38 43 37 33 6 17 35 36 46 26 
25 7 12 23 0 18 24 15 19 44 34 21 28 4 3 0 4 27 49 18 45 35 17 35 12 7 9 
1 1 1 43 40 41 18 39 34 35 28 0 32 3 20 4 27 43 39 0 4 45 12 48 7 26 
13 25 38 49 41 15 39 44 34 27 38 32 3 25 6 38 43 40 10 31 35 12 48 7 
45 12 13 40 18 2 39 44 34 21 33 32 3 0 6 0 0 40 24 24 15 31 12 48 7 
33 10 48 13 18 13 19 44 34 21 30 1 32 21 17 30 9 38 43 40 18 10 45 11 36 2 26 
28 41 12 23 0 40 24 19 44 34 38 38 4 21 30 1 28 38 39 41 41 6 31 12 48 46 
49 10 36 9 37 8 8 39 44 34 35 3 32 3 19 30 1 38 39 40 24 31 41 36 42 26 
30 1 48 13 10 10 0 39 44 34 33 39 32 3 30 1 38 27 43 44 40 24 31 35 36 2 26 
13 25 48 13 19 8 49 19 44 34 33 32 3 3 30 43 27 43 19 15 45 31 31 48 7 26 
1 25 48 13 40 15 18 19 44 34 38 39 41 41 30 13 27 2 0 0 9 35 36 2 5 
25 24 48 7 18 18 24 19 44 34 33 39 3 3 8 49 38 6 19 18 45 31 12 48 7 
45 11 1 19 41 15 19 44 34 34 25 6 32 3 8 16 20 4 6 40 18 15 45 41 36 47 26 
9 30 13 40 24 15 19 40 41 18 33 49 34 21 25 6 38 43 39 40 10 17 35 11 1 46 
30 45 48 7 19 40 41 6 19 44 34 21 39 41 32 3 25 6 27 5 39 19 40 41 10 31 11 1 47 
43 15 48 13 49 19 15 39 44 34 38 32 32 8 25 6 4 17 35 10 35 31 11 36 5 
1 15 48 1 39 30 2 45 19 44 44 35 27 38 43 34 18 49 38 49 39 40 40 24 31 31 11 27 5 26 
45 12 4 39 40 41 15 44 34 34 20 48 4 3 20 13 27 43 39 3 4 45 31 36 2 47 
30 24 48 13 9 29 3 6 19 44 34 20 0 4 21 49 28 27 43 39 18 13 29 31 11 1 47 
30 45 36 13 40 41 19 19 44 34 3 0 4 38 30 49 28 38 25 6 6 31 11 1 46 
30 45 48 13 19 40 15 19 44 21 49 32 34 16 28 38 43 13 0 24 15 31 11 1 2 
10 12 6 39 40 15 19 44 34 21 43 32 3 0 28 27 10 39 41 6 31 11 48 2 
10 28 22 6 17 34 35 19 44 34 3 43 32 32 3 30 43 27 43 0 24 6 12 7 15 
30 45 36 43 40 40 24 19 44 34 10 28 4 44 8 0 4 20 0 0 40 24 31 25 12 7 
45 12 7 29 18 45 39 44 34 21 28 32 3 0 25 6 28 0 19 44 45 35 19 41 12 6 46 
45 15 36 13 39 41 41 19 44 34 20 4 4 3 33 45 38 43 39 41 41 18 45 40 21 10 5 
33 10 48 13 17 35 8 44 34 35 38 41 18 45 25 6 38 43 41 41 15 45 11 1 5 
45 11 36 49 18 45 19 44 34 35 33 38 32 3 3 12 4 38 45 41 0 24 21 10 5 
30 24 11 13 45 0 18 39 44 34 16 49 32 3 25 6 6 9 31 0 4 45 41 12 7 26 
25 7 12 23 39 40 41 19 44 34 27 43 32 32 3 25 13 38 43 39 41 41 6 12 7 14 
2 11 1 2 8 17 35 44 34 35 8 0 32 25 6 0 30 49 41 15 17 35 11 36 47 
1 1 36 2 19 41 18 19 44 34 38 38 32 3 28 8 38 6 39 40 15 40 21 10 43 
45 35 36 13 39 44 6 39 44 34 38 0 32 3 19 30 13 27 43 40 24 15 19 31 11 1 2 
1 1 36 43 0 24 15 19 19 44 35 27 38 32 3 20 30 45 48 13 19 44 9 35 31 11 36 47 
25 7 12 6 40 41 15 19 44 34 38 32 32 20 13 25 49 40 24 15 17 35 36 2 26 
17 35 36 49 18 13 19 44 34 33 49 32 38 25 6 38 49 18 15 31 31 11 36 42 
30 24 48 19 41 15 36 33 49 18 1 1 32 1 14 
1 1 36 13 39 40 24 33 39 34 48 7 30 2 27 5 
1 1 48 13 49 40 24 33 28 21 10 0 4 3 1 47 
0 24 36 2 39 41 38 39 41 21 10 30 1 38 14 
1 45 48 39 40 41 8 39 41 21 32 32 27 43 26 
24 12 48 13 41 15 15 17 29 37 18 30 1 20 1 47 
14 31 11 43 39 41 33 39 41 18 21 30 1 20 20 46 
10 11 1 40 41 0 18 29 39 41 18 32 28 0 27 5 26 
8 24 12 7 40 40 6 28 0 18 13 30 2 20 46 
43 24 48 23 4 3 45 33 17 49 21 10 36 46 20 7 
1 45 12 7 19 40 18 2 17 39 0 4 6 1 20 46 26 
6 48 48 13 40 40 30 39 41 18 13 25 4 20 46 
25 13 48 13 19 40 18 33 49 21 38 49 21 38 43 14 
49 30 36 2 29 19 18 49 41 0 4 6 1 38 27 14 
12 7 48 6 44 18 49 44 34 18 45 36 1 27 5 
45 48 48 13 28 18 15 25 6 21 10 30 1 38 38 14 
7 48 13 40 41 33 49 34 18 38 43 27 10 5 
33 10 48 13 39 8 6 33 49 34 21 30 2 20 20 47 
49 10 36 42 39 41 15 33 49 21 21 10 30 2 20 7 
10 36 43 41 18 45 33 49 34 21 10 39 32 20 13 26 
49 10 36 45 39 3 38 28 0 18 13 30 43 27 5 
49 10 36 13 29 40 18 1 39 21 10 30 38 1 47 
45 12 48 13 39 41 18 49 40 21 21 49 25 6 4 14 
49 24 36 2 19 17 35 25 39 21 30 16 38 27 5 
1 24 48 13 41 15 6 39 39 18 25 6 20 20 7 
2 36 2 19 40 44 30 17 34 21 21 30 43 32 20 47 
10 10 36 43 41 15 19 40 21 10 30 30 43 20 46 
1 24 48 13 41 15 30 39 20 2 25 6 4 14 
30 24 12 7 39 41 30 49 40 21 25 6 27 14 14 
13 24 12 13 40 40 24 28 39 18 1 33 32 36 47 26 
10 10 36 2 0 18 24 33 39 21 21 13 30 32 27 43 14 
1 45 12 43 40 41 33 33 39 0 10 30 43 20 46 26 
30 2 36 9 19 18 33 39 18 1 49 21 27 14 26 
39 18 48 6 41 41 15 33 17 34 21 10 30 1 20 4 14 
38 24 48 6 19 40 40 24 8 29 34 18 0 38 32 27 5 
10 11 1 40 21 10 30 49 21 10 25 6 27 14 
33 10 12 23 39 3 3 25 39 41 18 1 43 32 38 14 26 
1 45 28 6 37 8 49 30 29 18 1 1 38 43 5 
33 49 0 32 3 8 33 6 21 21 30 38 43 20 46 26 
10 35 36 2 39 40 40 33 8 41 20 13 30 1 27 5 26 
24 12 7 41 15 33 8 21 21 10 30 13 1 42 
49 10 36 2 30 18 24 25 39 41 18 18 0 32 32 38 5 
45 0 28 19 40 41 15 39 34 21 10 32 3 38 14 
30 45 36 13 39 41 41 15 17 35 49 21 10 30 4 27 10 43 
49 10 18 10 40 41 15 8 44 21 10 30 38 4 7 
6 6 4 37 16 17 35 33 30 24 18 0 18 27 43 5 
30 45 12 7 19 30 1 49 21 21 10 0 4 3 3 47 
1 30 36 1 49 24 15 30 41 21 10 0 4 20 46 26 
24 12 7 8 24 48 39 41 18 1 32 32 3 46 
1 24 12 13 41 15 25 39 41 18 38 30 1 27 5 5 
25 24 48 0 41 21 10 48 29 39 41 18 45 25 13 20 7 
10 11 2 30 41 18 10 17 30 49 21 10 36 46 20 7 
13 18 48 0 18 15 25 39 18 18 1 32 27 5 5 
25 7 48 6 34 40 8 33 49 21 10 38 0 20 46 
33 6 12 13 39 41 15 33 45 21 10 36 13 27 5 
6 24 48 13 39 41 15 8 39 18 30 1 1 27 47 
1 45 12 4 18 24 15 8 29 34 18 0 20 4 20 46 
49 10 36 13 19 8 8 33 49 21 21 30 13 27 43 5 
45 12 7 19 19 40 18 49 41 36 45 36 46 20 46 26 
49 18 36 2 39 18 24 33 49 21 10 30 1 27 5 
49 0 12 23 39 3 3 30 33 49 21 21 38 38 5 43 
30 1 1 43 39 3 6 33 39 41 48 4 4 27 47 
30 45 28 0 40 24 25 39 39 18 36 2 27 43 5 
1 24 48 13 18 10 18 17 17 21 18 1 43 27 5 5 
49 35 20 13 44 40 24 33 39 20 2 30 43 20 46 
49 10 18 10 17 35 11 17 35 21 10 25 6 20 4 7 
7 15 0 39 41 15 15 39 34 18 38 32 32 20 7 
30 45 36 1 17 35 10 35 33 39 18 13 39 16 38 14 
2 11 1 2 19 41 15 33 39 21 10 0 13 18 23 
45 11 1 45 40 41 15 33 39 21 18 12 7 27 5 5 
30 24 11 1 13 41 18 29 34 21 10 32 28 27 1 47 
1 45 36 2 19 30 45 48 49 34 21 10 30 2 27 47 
45 48 13 39 40 3 33 49 21 10 1 27 14 5 
28 6 12 7 18 0 24 30 39 41 21 10 12 38 2 47 
49 10 36 13 39 41 33 49 34 21 30 43 27 27 5 
45 11 1 49 18 45 33 49 49 18 1 0 32 20 47 
1 24 48 13 39 41 33 39 41 18 1 38 43 20 46 
25 6 48 19 1 45 33 30 49 18 2 30 13 27 14 
49 41 36 2 19 41 18 17 40 41 18 1 43 38 27 5 
17 35 36 2 19 40 18 33 28 6 30 1 43 27 5 
1 1 21 10 19 44 8 33 8 0 18 30 2 27 5 
10 11 1 0 37 9 25 28 39 18 18 0 4 20 2 5 
24 36 13 41 8 8 29 34 21 49 30 38 14 26 
1 45 48 13 8 24 38 30 45 18 1 13 27 1 47 
1 10 36 17 17 35 8 39 44 32 17 25 13 10 5 
45 11 1 40 18 45 15 8 39 0 48 13 25 25 27 5 26 
45 36 13 29 19 18 8 39 18 1 38 32 27 10 26 
2 45 36 42 29 40 0 15 39 3 32 38 30 1 20 46 26 
1 10 36 13 39 18 2 33 33 39 0 18 1 32 38 14 
43 20 48 39 41 41 18 49 34 21 17 36 13 38 14 
43 24 36 2 20 13 8 33 39 41 48 30 43 20 4 46 
17 35 36 2 8 13 8 33 33 18 10 30 1 20 4 46 
6 6 12 4 41 41 15 33 39 41 18 13 38 43 20 47 
49 10 36 13 40 24 48 49 34 21 10 0 32 33 10 43 
30 45 48 7 39 40 41 39 34 18 10 30 43 27 5 
1 24 48 13 0 41 15 11 49 34 21 49 32 0 4 7 
1 1 1 2 29 19 18 15 30 49 18 4 38 32 0 4 46 
49 10 48 13 18 45 35 33 17 35 18 13 33 32 27 5 43 
13 24 36 13 41 15 33 8 39 3 1 2 20 46 
7 12 4 0 40 24 17 35 41 36 9 25 7 20 7 
19 8 8 9 37 22 17 29 16 46 
37 8 13 29 25 6 29 37 42 26 
0 8 9 19 16 9 29 37 22 46 
8 8 9 37 30 9 37 16 42 
30 1 9 37 16 9 29 16 23 26 
28 28 8 17 37 16 49 17 37 16 47 
8 8 9 45 12 13 29 37 42 
19 18 4 9 37 1 17 29 0 23 
30 1 13 37 16 29 37 10 47 
8 6 17 29 16 9 37 16 23 
25 6 9 37 16 17 29 37 42 
28 6 9 25 16 9 37 16 42 
8 8 9 37 16 17 29 37 22 14 
30 1 9 29 37 9 29 37 42 26 
8 8 10 29 37 42 17 37 16 23 
25 6 9 37 16 29 37 16 42 
19 0 4 29 37 22 9 37 22 23 
8 0 9 37 16 9 29 37 42 26 
28 6 9 29 25 9 29 16 42 26 
30 8 6 29 12 7 29 16 42 26 
8 8 9 29 25 13 29 37 16 42 
39 8 18 9 37 16 9 37 16 46 
30 8 6 29 28 22 29 37 16 42 
8 0 4 17 37 16 17 29 37 22 26 
25 8 6 29 28 22 29 37 16 42 
19 8 10 29 40 21 49 41 18 42 
19 37 10 6 31 11 1 2 41 21 10 47 
19 8 17 29 25 7 29 16 23 
28 30 9 29 25 22 17 37 42 47 
1 20 10 31 21 49 39 41 18 42 
25 6 20 6 31 48 8 17 35 21 10 
8 8 6 29 37 9 29 37 10 
19 0 13 29 37 10 29 16 42 
25 6 10 17 37 42 17 37 16 42 
25 6 6 29 25 6 17 37 16 42 
25 6 9 29 37 13 19 16 23 26 
0 12 6 43 41 48 38 43 39 0 18 47 
28 8 13 17 37 22 9 29 16 42 26 
37 8 13 29 30 9 37 16 23 
28 8 6 17 37 16 9 37 16 23 
8 38 6 45 11 1 9 35 0 18 46 
30 1 9 37 10 17 37 22 23 
6 25 6 29 25 13 29 37 22 9 
25 6 6 37 16 49 29 37 42 
39 8 43 29 37 21 17 37 16 23 
49 8 13 37 25 17 37 16 23 
8 6 10 29 25 9 37 16 47 
8 6 1 9 29 37 16 29 37 22 46 
28 8 6 31 11 1 9 35 18 46 26 
30 49 10 10 25 6 9 0 4 47 
19 0 18 9 35 12 7 31 39 18 23 26 
49 8 9 29 25 23 29 37 10 26 
8 8 9 37 16 9 37 22 23 
8 8 29 25 23 37 16 3 
33 38 0 6 31 36 13 17 35 21 5 26 
8 6 9 37 16 17 37 10 47 
8 30 9 17 12 7 29 37 22 43 
30 49 8 24 17 35 12 48 7 35 41 21 10 26 
25 6 6 25 22 29 37 22 47 
37 8 9 29 37 13 29 37 22 46 
33 21 21 10 31 11 10 10 30 49 38 5 
25 8 9 29 37 8 29 37 23 26 
30 9 29 37 17 29 16 42 
28 30 9 29 37 42 17 35 18 47 
30 1 1 45 30 30 49 41 18 42 26 
0 8 6 37 16 9 37 22 26 
29 8 8 29 16 42 37 16 23 
8 8 9 29 37 9 29 37 42 26 
8 8 9 29 25 22 6 37 23 26 
8 8 8 29 25 7 17 37 42 26 
8 0 13 9 37 22 17 19 16 42 
28 28 27 2 31 41 36 1 49 39 34 21 4 
8 6 45 29 37 16 17 37 16 47 
30 1 6 29 37 16 9 37 16 47 
49 8 1 29 37 18 29 37 16 42 
8 8 9 29 37 10 19 16 16 14 
28 30 9 29 25 16 17 29 18 23 
30 49 10 37 16 9 37 42 47 
49 30 9 29 28 22 29 37 16 42 
49 25 38 43 45 12 48 13 40 41 18 2 26 
8 25 6 29 37 9 19 16 23 
39 21 49 9 25 22 9 37 16 14 
49 8 1 9 37 16 9 37 23 42 
25 6 9 19 12 7 17 29 21 47 
30 49 27 45 11 1 9 17 21 43 5 
19 16 9 17 31 37 48 13 0 4 4 42 
19 16 9 29 30 1 9 35 0 22 46 
49 8 33 49 28 23 37 22 23 
39 18 1 9 25 12 7 35 20 46 26 
29 25 6 29 37 16 17 29 37 42 
30 1 6 29 37 16 17 37 16 42 
30 49 20 13 45 31 11 1 2 40 18 18 47 
19 25 6 18 45 48 48 13 39 21 10 47 
19 18 9 37 16 17 29 22 23 
25 6 13 29 37 16 49 16 23 45 
25 6 10 9 31 36 2 31 39 18 4 26 
30 9 29 25 6 19 16 23 26 
8 25 13 29 37 9 29 37 22 46 
28 33 9 29 37 17 29 16 22 26 
39 8 9 37 16 9 29 37 42 47 
49 44 8 37 16 42 
8 8 49 16 22 14 
8 8 6 17 29 37 42 26 
6 8 6 49 37 16 42 
6 8 8 33 8 22 23 
49 8 8 29 16 42 
19 8 6 29 37 16 47 
49 8 1 9 37 16 42 26 
43 28 8 38 39 41 36 42 
6 49 20 13 41 28 23 9 
17 30 1 49 16 23 26 
49 49 38 6 49 30 2 26 
8 8 6 35 37 16 46 
49 8 8 49 37 16 42 
8 0 6 9 37 16 42 
43 28 38 0 32 18 1 46 
49 8 8 29 37 22 23 
49 8 8 17 29 16 42 
49 21 1 9 37 22 23 
49 8 8 8 29 16 42 
6 8 28 20 13 49 21 48 7 26 
49 8 33 49 37 22 42 
49 8 30 9 37 16 42 
8 8 6 37 16 42 
49 8 8 37 22 22 14 
49 30 1 43 37 16 42 
49 8 8 29 37 42 26 
49 8 8 49 37 22 7 
49 8 8 8 16 22 14 
49 8 35 49 37 22 46 
49 8 8 49 29 16 46 
49 8 17 35 37 22 23 
0 8 8 9 37 22 42 
49 8 8 29 37 16 46 
6 8 8 6 37 16 42 
49 21 33 10 33 49 18 1 46 
6 27 1 29 37 22 23 
49 49 20 4 6 21 21 2 26 
6 8 33 49 37 16 47 
49 8 8 37 16 23 
29 30 9 37 16 42 
49 30 9 0 22 23 
49 39 30 1 33 49 18 25 7 26 
6 34 27 43 49 21 36 47 26 
49 30 9 29 16 42 26 
49 44 30 9 29 16 42 26 
6 8 8 37 22 23 
8 8 8 6 16 46 
49 8 30 9 37 22 7 
49 8 6 28 22 23 26 
49 44 35 49 37 25 7 
49 8 49 8 37 42 26 
49 8 8 29 16 7 26 
49 8 8 49 37 22 23 
49 8 33 29 37 22 23 
49 8 1 33 37 16 46 
49 30 9 8 16 23 26 
17 35 8 8 37 16 47 
1 43 33 38 6 18 48 23 26 
49 8 8 37 16 23 
49 8 30 9 37 22 42 
49 8 30 1 28 22 14 
49 8 8 49 28 22 7 
6 8 8 29 37 22 7 
49 33 33 49 16 42 26 
49 8 8 29 37 42 26 
6 8 8 9 29 16 42 26 
49 8 27 43 49 18 36 47 26 
49 30 1 1 16 23 
6 28 6 27 38 1 1 1 47 
8 8 28 8 24 48 7 
29 30 9 37 16 42 
49 8 8 6 25 23 26 
0 32 20 1 6 18 36 46 26 
6 25 17 37 22 23 
33 8 8 8 37 22 42 
49 8 17 29 37 22 47 
49 8 8 29 37 16 42 
6 8 27 43 0 24 48 13 23 
6 8 8 9 37 22 42 
45 31 27 43 49 15 22 23 
49 44 34 49 29 16 42 
49 8 35 8 28 23 26 
49 8 45 33 29 16 7 
6 8 1 9 37 22 23 
6 30 9 29 37 16 42 26 
49 8 30 9 0 48 23 26 
49 8 25 17 29 25 23 9 
6 8 33 49 16 23 26 
6 8 8 29 37 23 47 
49 17 8 9 37 16 7 
33 8 49 17 37 42 47 
49 8 38 8 39 41 18 2 26 
8 8 33 29 37 42 26 
49 38 27 38 6 24 48 46 
49 8 30 1 16 23 14 
49 8 8 9 37 22 46 
49 8 8 29 37 22 7 
6 32 27 43 18 18 22 42 
49 8 8 17 37 16 23 
0 49 25 4 39 0 27 47 
10 25 20 4 33 38 32 3 5 
38 32 38 49 0 4 27 47 26 
30 49 33 6 39 0 38 14 5 
38 49 25 6 4 38 1 47 
49 21 1 49 38 38 1 47 
30 1 4 38 39 8 20 4 7 
36 38 43 0 38 27 5 
49 49 38 6 0 20 4 14 
25 6 25 38 0 4 20 46 
30 49 36 13 0 0 27 5 26 
49 30 1 49 32 33 5 26 
4 0 25 23 19 0 38 43 14 
2 33 49 0 4 27 20 46 
38 28 4 20 4 4 20 47 
30 10 30 1 0 38 27 5 
30 49 21 4 0 0 27 5 26 
30 13 30 1 32 27 5 26 
12 6 4 39 0 4 33 10 26 
38 32 30 13 0 38 38 14 
30 13 30 13 0 0 38 14 26 
32 32 33 6 0 32 27 14 26 
49 49 25 6 38 32 38 14 
30 49 30 43 0 4 20 46 
4 0 28 20 4 27 2 26 
49 49 25 6 0 38 27 5 
20 4 38 6 39 0 20 20 46 
38 32 21 10 0 38 14 14 
38 4 0 0 38 1 47 
30 49 25 6 0 4 38 14 
20 13 30 1 0 0 20 4 46 
30 49 25 6 0 0 27 5 
0 49 21 49 41 0 20 46 
28 0 25 7 39 0 20 46 26 
49 8 6 35 0 4 20 14 26 
12 6 38 43 39 38 20 4 46 
20 10 30 13 0 4 18 47 
25 6 25 13 0 20 4 7 
30 49 10 6 19 0 27 43 5 
38 43 0 0 27 14 26 
30 49 25 6 0 38 43 5 
0 6 10 1 49 20 4 47 
0 4 38 43 0 0 4 27 5 
36 49 38 49 0 0 20 47 
25 6 25 6 0 38 10 5 
30 49 8 6 49 8 38 20 14 
0 10 8 0 0 0 4 7 
30 49 25 6 0 4 27 5 
30 1 30 1 0 4 20 46 
38 10 6 6 32 27 5 26 
4 38 43 33 0 4 20 4 46 
49 10 36 2 29 37 27 5 5 
0 10 8 0 0 20 4 46 
21 10 30 9 37 0 27 14 
30 49 25 6 0 27 5 
36 38 38 49 0 20 2 5 
30 1 30 49 32 27 14 26 
4 3 43 29 8 0 4 26 
30 49 21 0 4 4 20 7 26 
30 49 38 6 38 32 27 5 26 
6 28 8 45 0 0 20 4 46 
1 38 33 0 0 20 4 7 
30 49 25 0 0 20 46 26 
20 13 30 1 19 18 20 38 14 
12 20 4 30 39 20 4 14 
49 33 9 35 28 22 20 4 14 
30 18 38 0 0 33 1 42 
38 30 1 49 8 27 5 26 
38 10 30 16 39 0 4 10 5 
30 49 28 39 41 20 38 14 
30 38 43 4 0 32 20 46 
49 21 1 49 0 32 27 5 26 
43 10 36 1 49 0 4 27 47 26 
30 49 30 1 0 4 20 46 
25 6 25 6 0 4 27 5 
38 49 28 6 0 32 20 14 26 
1 43 6 33 0 20 46 2 
49 38 0 19 18 38 27 5 
49 8 6 29 37 20 38 5 
28 38 49 39 38 32 27 47 
20 13 30 13 0 22 20 7 26 
38 20 38 0 4 27 14 26 
30 13 28 6 29 37 38 27 5 
38 38 32 0 0 38 10 5 
30 33 38 0 32 20 4 46 
31 30 28 6 0 38 43 14 
0 49 30 2 38 32 20 4 14 
25 20 4 39 0 4 20 43 26 
25 13 38 39 38 32 27 14 26 
30 49 25 13 0 20 46 26 
8 0 38 6 0 4 20 46 
45 36 4 38 32 27 5 
38 43 30 1 49 0 38 14 
33 49 38 0 0 38 1 47 
25 6 25 38 38 32 27 5 26 
21 49 21 0 0 27 43 5 
21 10 30 16 0 4 27 43 47 
38 32 3 30 0 0 38 2 
21 21 0 19 18 27 14 26 
25 38 28 0 32 27 5 26 
